0.000000000000000000e+00 8.000000000000000000e+01 8.000000000000000000e+01
7.070707070707071296e+01 1.573503055089115037e+02 8.607288222744180928e+01
1.414141414141414259e+02 1.625458829741240265e+02 9.386452206729741476e+01
2.121212121212121247e+02 1.675537354698491299e+02 1.013746036879298771e+02
2.828282828282828518e+02 1.723785645501728823e+02 1.086102432908334379e+02
3.535353535353535790e+02 1.770282601403956448e+02 1.155832420493753432e+02
4.242424242424242493e+02 1.815076760087339665e+02 1.223008763714966278e+02
4.949494949494949765e+02 1.858218085427663766e+02 1.287706415072133268e+02
5.656565656565657036e+02 1.899782398188127956e+02 1.350039094515456384e+02
6.363636363636363740e+02 1.939806287722431080e+02 1.410061631861493936e+02
7.070707070707071580e+02 1.978368334649689473e+02 1.467891889870654722e+02
7.777777777777778283e+02 2.015538562381584882e+02 1.523634886108751232e+02
8.484848484848484986e+02 2.051351219819819391e+02 1.577341977841198570e+02
9.191919191919192826e+02 2.085849976940909301e+02 1.629078652819258650e+02
9.898989898989899530e+02 2.119104079088659205e+02 1.678948758787348936e+02
1.060606060606060737e+03 2.151148821451368747e+02 1.727005226825525313e+02
1.131313131313131407e+03 2.182029487879549094e+02 1.773315967671442195e+02
1.202020202020202078e+03 2.211787770109436337e+02 1.817943505090928227e+02
1.272727272727272748e+03 2.240474099332256799e+02 1.860963469111734980e+02
1.343434343434343646e+03 2.268103733290735704e+02 1.902398741265280080e+02
1.414141414141414316e+03 2.294734232015057387e+02 1.942335642484042637e+02
1.484848484848484986e+03 2.320402730598130461e+02 1.980829863077430275e+02
1.555555555555555657e+03 2.345143022931463861e+02 2.017932082667192049e+02
1.626262626262626327e+03 2.368985561705167697e+02 2.053687970187419864e+02
1.696969696969696997e+03 2.391974891399742091e+02 2.088164327510882288e+02
1.767676767676767895e+03 2.414143946522241606e+02 2.121410545444759350e+02
1.838383838383838565e+03 2.435510722675179238e+02 2.153453611453252847e+02
1.909090909090909236e+03 2.456098279094694021e+02 2.184328106739558564e+02
1.979797979797979906e+03 2.475926916509172884e+02 2.214064475663767269e+02
2.050505050505050804e+03 2.495023536816267722e+02 2.242703062132785021e+02
2.121212121212121474e+03 2.513453721070525546e+02 2.270342215869522136e+02
2.191919191919192144e+03 2.531212082401720522e+02 2.296973858406386171e+02
2.262626262626262815e+03 2.548319104195558111e+02 2.322628708017803660e+02
2.333333333333333485e+03 2.564793652875975454e+02 2.347335058072854963e+02
2.404040404040404155e+03 2.580652977905132843e+02 2.371118777035275400e+02
2.474747474747474826e+03 2.595942420386520553e+02 2.394047861493083360e+02
2.545454545454545496e+03 2.610678009851540651e+02 2.416146350419055295e+02
2.616161616161616166e+03 2.624872875221753361e+02 2.437433932835198505e+02
2.686868686868687291e+03 2.638545649685327703e+02 2.457938552333676228e+02
2.757575757575757962e+03 2.651714104143900954e+02 2.477686859363318490e+02
2.828282828282828632e+03 2.664398760094645695e+02 2.496709629352560000e+02
2.898989898989899302e+03 2.676623748344625255e+02 2.515043050495725936e+02
2.969696969696969973e+03 2.688401563891010824e+02 2.532705861137602028e+02
3.040404040404040643e+03 2.699748839331190311e+02 2.549723004648851372e+02
3.111111111111111313e+03 2.710681576478197599e+02 2.566118478433172072e+02
3.181818181818181984e+03 2.721215146360718791e+02 2.581915333927297524e+02
3.252525252525252654e+03 2.731366951207550642e+02 2.597139668692472583e+02
3.323232323232323324e+03 2.741149697417116045e+02 2.611810538105729051e+02
3.393939393939393995e+03 2.750576865818559327e+02 2.625948158932448564e+02
3.464646464646465120e+03 2.759661491543790817e+02 2.639572079540176901e+02
3.535353535353535790e+03 2.768415990148954506e+02 2.652700919138636095e+02
3.606060606060606460e+03 2.776852157614428052e+02 2.665352367779736369e+02
3.676767676767677131e+03 2.784981170344820498e+02 2.677543186357566469e+02
3.747474747474747801e+03 2.792813585168977966e+02 2.689289206608399923e+02
3.818181818181818471e+03 2.800359339339977396e+02 2.700605331110690486e+02
3.888888888888889142e+03 2.807634513250057466e+02 2.711515675110314874e+02
3.959595959595959812e+03 2.814655444301863554e+02 2.722044739283313106e+02
4.030303030303030482e+03 2.821423219725287481e+02 2.732194154113966533e+02
4.101010101010101607e+03 2.827946449223740046e+02 2.741976831297176886e+02
4.171717171717172278e+03 2.834233194018747213e+02 2.751404859987232498e+02
4.242424242424242948e+03 2.840290966849956362e+02 2.760489506797807735e+02
4.313131313131313618e+03 2.846126731975130042e+02 2.769241215801964699e+02
4.383838383838384289e+03 2.851746905170151649e+02 2.777669608532146412e+02
4.454545454545454959e+03 2.857157353729019746e+02 2.785783483980188180e+02
4.525252525252525629e+03 2.862363396463854315e+02 2.793590818597305656e+02
4.595959595959596300e+03 2.867401731345507869e+02 2.801146647148148645e+02
4.666666666666666970e+03 2.872261512377486383e+02 2.808434704241217332e+02
4.737373737373737640e+03 2.876945336064765684e+02 2.815458883771394198e+02
4.808080808080808310e+03 2.881458678102238196e+02 2.822227397461913370e+02
4.878787878787878981e+03 2.885806606743036014e+02 2.828747846008724878e+02
4.949494949494949651e+03 2.889993782798533744e+02 2.835027219080494660e+02
5.020202020202020321e+03 2.894024459638346798e+02 2.841071895318602287e+02
5.090909090909090992e+03 2.897902483190332532e+02 2.846887642337142097e+02
5.161616161616161662e+03 2.901631291940587403e+02 2.852479616722924902e+02
5.232323232323232332e+03 2.905225888333333160e+02 2.857870317158995590e+02
5.303030303030303912e+03 2.908705988621935603e+02 2.863089311476448984e+02
5.373737373737374583e+03 2.912059207373341678e+02 2.868118025639344069e+02
5.444444444444445253e+03 2.915289606555232922e+02 2.872962551249863736e+02
5.515151515151515923e+03 2.918400980222642715e+02 2.877628578130222081e+02
5.585858585858586594e+03 2.921396854517953443e+02 2.882121394322667811e+02
5.656565656565657264e+03 2.924280487670897628e+02 2.886445886089478563e+02
5.727272727272727934e+03 2.927054869998554523e+02 2.890606537912969429e+02
5.797979797979798605e+03 2.929722723905355224e+02 2.894607432495483863e+02
5.868686868686869275e+03 2.932286503883079263e+02 2.898452250759398225e+02
5.939393939393939945e+03 2.934768463233318698e+02 2.902174365261548132e+02
6.010101010101010615e+03 2.937162253224637425e+02 2.905764255015211575e+02
6.080808080808081286e+03 2.939468094670396567e+02 2.909222251167407194e+02
6.151515151515151956e+03 2.941688919795658990e+02 2.912552751081530573e+02
6.222222222222222626e+03 2.943827486079559321e+02 2.915759890060118096e+02
6.292929292929293297e+03 2.945886376255290884e+02 2.918847541344845240e+02
6.363636363636363967e+03 2.947867998310113080e+02 2.921819316116529421e+02
6.434343434343434637e+03 2.949774585485349689e+02 2.924678563495127150e+02
6.505050505050505308e+03 2.951608196276388298e+02 2.927428370539733464e+02
6.575757575757575978e+03 2.953372893216348984e+02 2.930074829700997157e+02
6.646464646464646648e+03 2.955075198072660783e+02 2.932627721464912725e+02
6.717171717171717319e+03 2.956714371432436224e+02 2.935085936956875798e+02
6.787878787878787989e+03 2.958292833522809815e+02 2.937453105713751143e+02
6.858585858585859569e+03 2.959812923415544788e+02 2.939732735566328188e+02
6.929292929292930239e+03 2.961276899027027412e+02 2.941928212639317621e+02
7.000000000000000000e+03 2.962686937118275523e+02 2.944042801351355365e+02
